0 2623.0
1 2648.0
2 2543.0
3 2639.0
4 2543.0
5 2544.0
6 2545.0
7 2505.0
8 2507.0
9 2447.0
10 2434.0
11 2441.0
12 2507.0
13 2419.0
14 2405.0
15 2468.0
16 2456.0
17 2487.0
18 2365.0
19 2395.0
20 2391.0
21 2395.0
22 2396.0
23 2358.0
24 2353.0
25 2300.0
26 2274.0
27 2294.0
28 2347.0
29 2262.0
30 2230.0
31 2246.0
32 2288.0
33 2319.0
34 2214.0
35 2221.0
36 2214.0
37 2215.0
38 2216.0
39 2176.0
40 2178.0
41 2118.0
42 2105.0
43 2112.0
44 2178.0
45 2090.0
46 2093.0
47 2099.0
48 2127.0
49 2158.0
50 2070.0
51 2076.0
52 2071.0
53 2072.0
54 2073.0
55 2034.0
56 2033.0
57 1976.0
58 1963.0
59 1970.0
60 2039.0
61 1951.0
62 1948.0
63 2011.0
64 1996.0
65 2027.0
66 1922.0
67 1929.0
68 1922.0
69 1923.0
70 1924.0
71 1884.0
72 1886.0
73 1810.0
74 1800.0
75 1820.0
76 1886.0
77 1798.0
78 1774.0
79 1865.0
80 1838.0
81 1869.0
82 1744.0
83 1777.0
84 1775.0
85 1776.0
86 1770.0
87 1743.0
88 1734.0
89 1684.0
90 1621.0
91 1641.0
92 1693.0
93 1605.0
94 1609.0
95 1625.0
96 1672.0
97 1703.0
98 1593.0
99 1605.0
100 1593.0
101 1594.0
102 1580.0
103 1555.0
104 1557.0
105 1497.0
106 1471.0
107 1491.0
108 1557.0
109 1469.0
110 1462.0
111 1478.0
112 1542.0
113 1559.0
114 1455.0
115 1457.0
116 1451.0
117 1452.0
118 1435.0
119 1414.0
120 1415.0
121 1355.0
122 1329.0
123 1349.0
124 1421.0
125 1422.0
126 1313.0
127 1484.0
128 1396.0
129 1430.0
130 1387.0
131 1328.0
132 1313.0
133 1294.0
134 1288.0
135 1367.0
136 1265.0
137 1193.0
138 1179.0
139 1328.0
140 1246.0
141 1163.0
142 1149.0
143 1264.0
144 1342.0
145 1241.0
146 1161.0
147 1250.0
148 1170.0
149 1231.0
150 1124.0
151 1100.0
152 1090.0
153 1010.0
154 1000.0
155 1020.0
156 1083.0
157 1079.0
158 984.0
159 1090.0
160 1002.0
161 1079.0
162 974.0
163 1044.0
164 984.0
165 1042.0
166 974.0
167 950.0
168 936.0
169 876.0
170 850.0
171 870.0
172 934.0
173 947.0
174 840.0
175 864.0
176 858.0
177 840.0
178 840.0
179 903.0
180 842.0
181 819.0
182 832.0
183 796.0
184 809.0
185 722.0
186 708.0
187 728.0
188 782.0
189 706.0
190 692.0
191 712.0
192 710.0
193 787.0
194 676.0
195 771.0
196 692.0
197 681.0
198 686.0
199 646.0
200 663.0
201 572.0
202 572.0
203 578.0
204 628.0
205 571.0
206 549.0
207 569.0
208 563.0
209 730.0
210 679.0
211 577.0
212 501.0
213 574.0
214 480.0
215 467.0
216 480.0
217 393.0
218 395.0
219 399.0
220 464.0
221 474.0
222 468.0
223 588.0
224 468.0
225 525.0
226 454.0
227 418.0
228 428.0
229 344.0
230 342.0
231 317.0
232 303.0
233 243.0
234 243.0
235 222.0
236 212.0
237 148.0
238 148.0
239 67.0
240 137.0
241 149.0
242 209.0
243 223.0
244 308.0
245 308.0
246 325.0
247 342.0
248 330.0
249 336.0
250 362.0
251 428.0
252 423.0
253 464.0
254 444.0
255 458.0
256 470.0
257 465.0
258 565.0
259 476.0
260 486.0
261 474.0
262 484.0
263 474.0
264 480.0
265 598.0
266 668.0
267 592.0
268 588.0
269 614.0
270 644.0
271 636.0
272 710.0
273 730.0
274 641.0
275 653.0
276 665.0
277 651.0
278 661.0
279 741.0
280 735.0
281 886.0
282 757.0
283 771.0
284 825.0
285 857.0
286 877.0
287 773.0
288 803.0
289 801.0
290 801.0
291 857.0
292 875.0
293 1025.0
294 895.0
295 921.0
296 897.0
297 913.0
298 988.0
299 917.0
300 1025.0
301 997.0
302 1041.0
303 923.0
304 946.0
305 944.0
306 1044.0
307 1008.0
308 1033.0
309 1055.0
310 1032.0
311 1053.0
312 1046.0
313 1050.0
314 1054.0
315 1133.0
316 1113.0
317 1218.0
318 1163.0
319 1143.0
320 1152.0
321 1093.0
322 1197.0
323 1167.0
324 1188.0
325 1206.0
326 1250.0
327 1280.0
328 1326.0
329 1215.0
330 1213.0
331 1223.0
332 1290.0
333 1356.0
334 1336.0
335 1436.0
336 1341.0
337 1375.0
338 1362.0
339 1346.0
340 1359.0
341 1363.0
342 1522.0
343 1444.0
344 1559.0
345 1382.0
346 1462.0
347 1379.0
348 1391.0
349 1479.0
350 1524.0
351 1615.0
352 1586.0
353 1580.0
354 1570.0
355 1686.0
356 1581.0
357 1515.0
358 1533.0
359 1603.0
360 1509.0
361 1588.0
362 1628.0
363 1765.0
364 1616.0
365 1700.0
366 1616.0
367 1635.0
368 1601.0
369 1653.0
370 1796.0
371 1608.0
372 1762.0
373 1662.0
374 1669.0
375 1655.0
376 1676.0
377 1735.0
378 1776.0
379 1781.0
380 1761.0
381 1838.0
382 1835.0
383 1849.0
384 1749.0
385 1777.0
386 1804.0
387 1769.0
388 1782.0
389 1863.0
390 1911.0
391 1944.0
392 1920.0
393 1940.0
394 1976.0
395 1966.0
396 1948.0
397 1914.0
398 2112.0
399 2060.0
400 1984.0
401 1956.0
402 1982.0
403 2016.0
404 1976.0
405 2026.0
406 2054.0
407 2098.0
408 2078.0
409 2094.0
410 2127.0
411 2168.0
412 2155.0
413 2058.0
414 2112.0
415 2107.0
416 2127.0
417 2176.0
418 2188.0
419 2170.0
420 2228.0
421 2209.0
422 2198.0
423 2225.0
424 2207.0
425 2241.0
426 2202.0
427 2332.0
428 2351.0
429 2382.0
430 2257.0
431 2268.0
432 2298.0
433 2324.0
434 2309.0
435 2303.0
436 2354.0
437 2360.0
438 2414.0
439 2424.0
440 2366.0
441 2414.0
442 2354.0
443 2402.0
444 2407.0
445 2437.0
446 2470.0
447 2510.0
448 2448.0
449 2504.0
450 2528.0
451 2574.0
452 2533.0
453 2519.0
454 2616.0
455 2660.0
456 2650.0
457 2547.0
458 2613.0
459 2577.0
460 2560.0
461 2605.0
462 2643.0
463 2669.0
464 2627.0
465 2679.0
466 2731.0
467 2749.0
468 2691.0
469 2662.0
470 2684.0
471 2695.0
472 2717.0
473 2746.0
474 2764.0
475 2805.0
476 2792.0
477 2825.0
478 2822.0
479 2810.0
