0 2282.0
1 2282.0
2 2205.0
3 2193.0
4 2194.0
5 2303.0
6 1960.0
7 1950.0
8 2155.0
9 2144.0
10 2213.0
11 2218.0
12 2213.5
13 2209.0
14 2045.0
15 1997.0
16 1703.0
17 1693.0
18 1818.0
19 1806.0
20 1817.5
21 1829.0
22 1835.0
23 1837.0
24 1749.0
25 1746.0
26 1763.0
27 1780.0
28 1487.0
29 1530.5
30 1574.0
31 1560.0
32 1642.0
33 1644.0
34 1618.0
35 1592.0
36 1521.0
37 1508.0
38 1495.0
39 1485.0
40 1272.0
41 1369.0
42 1391.0
43 1379.0
44 1385.5
45 1392.0
46 1379.0
47 1384.0
48 1314.0
49 1294.0
50 1303.0
51 1302.0
52 1175.5
53 1049.0
54 1146.0
55 1137.0
56 1215.0
57 1204.0
58 1211.0
59 1205.0
60 1109.0
61 1103.0
62 1077.5
63 1052.0
64 876.0
65 787.0
66 698.0
67 609.0
68 520.0
69 555.0
70 533.0
71 511.5
72 490.0
73 414.0
74 403.0
75 403.0
76 398.0
77 305.0
78 296.0
79 298.0
80 297.0
81 227.5
82 158.0
83 67.0
84 151.0
85 153.0
86 213.0
87 242.0
88 233.0
89 296.0
90 359.0
91 368.0
92 373.0
93 392.0
94 449.0
95 484.0
96 477.0
97 491.0
98 547.0
99 523.0
100 499.0
101 496.0
102 590.0
103 684.0
104 778.0
105 872.0
106 887.0
107 1086.0
108 1051.5
109 1017.0
110 1028.0
111 1084.0
112 942.0
113 939.0
114 933.0
115 946.0
116 1023.0
117 1014.0
118 1054.5
119 1095.0
120 1150.0
121 1167.0
122 1174.0
123 1229.0
124 1120.0
125 1120.0
126 1146.5
127 1173.0
128 1252.0
129 1243.0
130 1258.0
131 1284.0
132 1340.0
133 1355.0
134 1361.0
135 1417.0
136 1393.0
137 1369.0
138 1371.0
139 1412.5
140 1454.0
141 1570.0
142 1472.0
143 1500.0
144 1548.0
145 1565.0
146 1616.5
147 1668.0
148 1559.0
149 1556.0
150 1626.5
151 1697.0
152 1678.0
153 1904.0
154 1958.0
155 1975.0
156 2026.5
157 2078.0
158 1935.0
159 1935.0
160 1939.0
161 2036.0
162 2009.0
163 2129.0
164 2025.0
165 2054.0
166 2109.0
167 2109.0
